import java.util.*;
//beginner leetcode random problems generator
//topics: 2 pointer, sliding widow, prefix sum, greedy, heaps, linkedlistm stacks, queues, bit manipulation, binary search, hashing, matrix
public class dsa {
    public static void main(String[] args) {
        int[] problems = {1,2,3,4,5,11,12,15,16,18,19,20,21,23,24,25,26,30,31,32,33,34,36,41,42,45,48,49,54,55,56,57,59,60,61,62,65,69,71,73,74,76,79,81,82,83,84,85,86,88,89,92,109,125,131,134,135,136,138,141,142,143,146,148,149,150,151,153,154,155,160,162,167,169,179,201,203,205,206,208,209,217,223,224,225,227,229,231,232,234,238,239,240,242,260,268,289,290,292,299,300,303,304,316,321,322,328,329,330,335,338,341,342,344,345,346,347,353,354,356,367,371,374,375,376,378,382,391,393,396,397,402,406,409,410,416,423,424,430,432,435,438,442,443,445,451,452,454,455,456,460,461,464,475,476,477,478,480,484,491,496,498,502,503,505,517,518,522,523,532,540,542,554,556,557,560,567,571,575,581,594,599,621,622,630,641,643,649,652,654,658,668,672,678,680,689,696,697,702,703,704,705,706,713,714,719,726,731,735,739,740,743,746,754,763,767,770,778,785,791,794,795,807,812,819,821,825,826,835,836,843,850,852,853,856,858,859,860,862,867,870,875,876,881,893,894,895,901,904,907,913,916,921,930,933,936,939,942,946,948,950,963,966,973,974,977,982,984,986,992,995,1001,1002,1004,1010,1011,1021,1025,1030,1040,1052,1053,1064,1072,1074,1081,1094,1095,1099,1111,1138,1160,1167,1172,1190,1201,1207,1217,1222,1223,1232,1240,1247,1248,1249,1260,1269,1276,1282,1283,1290,1292,1296,1297,1307,1310,1314,1318,1329,1343,1352,1359,1380,1381,1386,1400,1401,1410,1423,1425,1433,1438,1439,1444,1456,1461,1472,1475,1476,1482,1493,1496,1497,1499,1502,1504,1507,1512,1520,1523,1525,1541,1542,1552,1556,1561,1569,1572,1574,1584,1590,1605,1609,1614,1620,1624,1636,1644,1648,1658,1667,1670,1672,1680,1685,1695,1696,1706,1720,1727,1728,1734,1743,1748,1750,1754,1760,1768,1776,1802,1807,1813,1817,1823,1828,1832,1835,1838,1854,1856,1861,1864,1870,1876,1879,1887,1888,1897,1901,1914,1915,1941,1944,1945,1957,1963,1966,1974,1975,1982,1996,2000,2022,2038,2040,2064,2071,2079,2085,2090,2095,2100,2116,2125,2130,2141,2163,2170,2183,2194,2197,2224,2226,2244,2249,2251,2254,2260,2271,2273,2279,2280,2281,2289,2292,2295,2296,2319,2325,2337,2352,2360,2363,2364,2373,2375,2381,2382,2383,2400,2401,2402,2403,2404,2405,2406,2407,2410,2416,2418,2420,2423,2424,2428,2433,2434,2439,2443,2447,2448,2449,2461,2462,2463,2482,2483,2488,2491,2515,2517,2523,2531,2536,2539,2547,2559,2560,2563,2574,2594,2595,2603,2611,2614,2615,2616,2643,2653,2656,2676,2680,2681,2697,2715,2730,2731,2740,2747,2749,2761,2762,2763,2779,2786,2788,2790,2807,2810,2820,2822,2835,2840,2841,2842,2845,2846,2848,2861,2862,2863,2864,2865,2866,2867,2868,2869,2870,2875,2899,2928,2930,2937,2942,2956,2975,2987,2988,3025,3044,3090,3101,3127,3146,3147,3153,3158,3159,3190,3191,3192};
        Random rd = new Random();
        int n = rd.nextInt(problems.length);
        System.out.println("Total Problems : " + problems.length);
        System.out.println("Solve problem number : " + problems[n]);
        
    }
}
 
